1
1
13
0
0
0
0
0
0
0
0
0
0
0
0
0
0
15
1
1
1
1
13
0
0
0
4
2
2
2
2
2
2
2
2
5
0
15
1
1
1
1
13
0
0
0
3
0
0
0
0
0
0
0
0
3
0
15
1
1
14
14
11
0
0
0
3
0
0
0
0
0
0
0
0
3
0
8
14
14
0
0
0
0
0
0
3
0
0
0
0
0
0
0
0
3
0
0
0
0
0
0
0
0
0
0
3
0
0
4
2
2
2
2
2
6
0
0
0
0
0
0
0
0
0
0
3
0
0
3
0
0
0
0
0
0
0
0
0
0
2
2
2
5
0
0
3
0
0
3
0
0
0
0
4
2
2
2
2
2
0
0
0
3
0
0
3
0
0
7
2
2
2
2
6
0
0
0
0
0
0
0
0
3
0
0
3
0
0
0
0
9
10
0
0
0
0
0
0
0
0
0
0
3
0
0
3
0
0
0
0
15
13
0
0
0
0
0
0
0
0
4
2
6
0
0
3
0
0
0
0
15
13
0
0
0
0
0
0
0
0
3
0
0
0
0
3
0
0
0
0
15
13
0
0
0
0
0
0
0
0
3
0
0
0
0
3
0
0
0
0
15
1
0
0
0
0
0
0
0
0
3
0
0
0
0
3
0
0
0
0
15
1
0
0
0
0
0
0
0
0
3
0
0
0
0
3
0
0
0
0
15
1
0
0
0
0
0
0
0
0
3
0
0
0
0
3
0
0
0
0
15
1
0
0
0
0
0
0
0
0
7
2
2
2
2
6
0
0
0
0
15
1
0
0
0
0
0
0
0
12
12
12
12
12
12
12
12
12
12
12
1
1
12
12
12
12
12
12
12
1
1
1
1
1
1
1
1
1
1
1
1
1
1
1
1
1
1
1
1
0
7
19
7
